MIS(1) = 0.25702407161838653
MIS(2) = 0.08575639786409932
MIS(3) = 0.17145036805581798
SDC = 0.07057225398948441