MIS(1) = 0.27922855246710876
MIS(2) = 0.17966563718999623
MIS(3) = 0.18612325835753546
MIS(4) = 0.2127808861178992
SDC = 0.03424955265937185