MIS(1) = 0.10179361456543763
MIS(2) = 0.22413912208990122
MIS(3) = 0.06734640888845499
SDC = 0.10091284002760817