MIS(1) = 0.09600845652974467
MIS(2) = 0.2357830588199925
SDC = 0.056047812216985904