MIS(1) = 0.19112638701331391
MIS(2) = 0.12604850952680946
MIS(3) = 0.23141583141278432
SDC = 0.18668684187171486